%YAML:1.0
---
extrinsicRotation: !!opencv-matrix
   rows: 3
   cols: 3
   dt: d
   data: [ -3.3392922440298367e-01, -9.4049252201541989e-01,
       -6.2968953641435732e-02, -9.4187798363888464e-01,
       3.3553958442364640e-01, -1.6704826283319485e-02,
       3.6839340737467821e-02, 5.3730841403070426e-02,
       -9.9787567344642070e-01 ]
extrinsicTranslation: !!opencv-matrix
   rows: 3
   cols: 1
   dt: d
   data: [ -1.0861476252854678e-01, -6.9397978125413193e-02,
       4.5883014175510852e-03 ]


0,-1,0
-1,0,0
0,0,-1
