%YAML:1.0
---
extrinsicRotation: !!opencv-matrix
   rows: 3
   cols: 3
   dt: d
   data: [ -3.4870432074060265e-02, -9.9211526496553393e-01,
       1.2038003982943536e-01, -9.5400193655549781e-01,
       -2.8443319442246207e-03, -2.9978694905574277e-01,
       2.9776560918838124e-01, -1.2529649156364742e-01,
       -9.4638070097953308e-01 ]
extrinsicTranslation: !!opencv-matrix
   rows: 3
   cols: 1
   dt: d
   data: [ 1.5602320205376889e+01, 6.1095348764604269e+00,
       3.6009797460579146e-01 ]
