%YAML:1.0
---
extrinsicRotation: !!opencv-matrix
   rows: 3
   cols: 3
   dt: d
   data: [ 1.6704211144448422e-02, -9.9985891502786350e-01,
       1.7661736453790152e-03, 9.9973770847053112e-01,
       1.6729814067905413e-02, 1.5640574904548545e-02,
       -1.5667916011172761e-02, 1.5044469273661192e-03,
       9.9987611885038519e-01 ]
extrinsicTranslation: !!opencv-matrix
   rows: 3
   cols: 1
   dt: d
   data: [ -1.4625495627837735e-02, -6.2356778109057501e-02,
       -6.1538629158038090e-03 ]
