%YAML:1.0
extrinsicRotation: !!opencv-matrix
   rows: 3
   cols: 3
   dt: d
   data: [ 2.3011524877399880e-03, 9.9943386327206163e-01,
       -3.3565721239242979e-02, 9.9987484813176852e-01,
       -1.7741923958025652e-03, 1.5720697020675183e-02,
       1.5652244909320698e-02, -3.3597696147579480e-02,
       -9.9931286494414473e-01 ]
extrinsicTranslation: !!opencv-matrix
   rows: 3
   cols: 1
   dt: d
   data: [ -4.2269863035492392e-02, 2.1208796549039986e-03,
       7.1658011352258702e-02 ]
